9.171844 5.657025 -26.373081
1.523484 0.272795 0.736903
2.515826 1.977979 -4.419283
7.629492 8.088753 -31.829934
2.113188 3.516388 -1.546079
8.740362 3.809573 -23.341953
8.643724 6.786451 -29.115743
9.838684 4.589552 -25.452255
5.460508 9.859064 -33.433925
2.357266 5.697231 -12.530588
8.757576 8.991271 -38.000284
7.593979 8.429106 -32.264967
1.089383 2.262171 -2.021004
7.064684 3.919212 -18.881938
1.057601 3.829105 2.737745
7.758138 1.850716 -14.058073
9.893827 0.891220 -15.188260
2.912176 7.729715 -20.414590
1.149241 1.976380 2.799394
1.229422 8.533436 -23.987749
6.081463 7.057137 -25.508610
6.581674 4.078599 -19.436481
3.409226 2.371400 1.443705
3.555489 8.243682 -27.410231
7.103362 3.241649 -16.208154
5.683476 4.588323 -18.521160
4.324251 3.093331 -9.950614
4.293157 4.241199 -18.643343
0.865709 9.056593 -19.808083
8.682910 0.906968 -14.534694
9.444928 4.204513 -25.958241
0.261251 2.474612 -0.872304
7.508491 7.690524 -27.874168
4.556966 0.789495 -9.502247
7.431550 6.660869 -27.092345
6.501848 4.281978 -18.745124
0.403808 4.800584 -5.780590
9.934502 0.367224 -11.319890
9.717087 9.425326 -38.653262
4.471515 4.055435 -15.859794
4.387473 3.611730 -14.428829
9.800764 3.151905 -21.176032
1.245050 4.235824 -6.257960
2.155090 5.758096 -10.928860
2.058320 6.125973 -12.710009
3.229809 0.684717 -0.232579
8.760794 5.030091 -27.447888
7.603982 8.303001 -33.369057
6.062060 8.055868 -30.359734
6.324235 1.065836 -15.053737
1.492796 5.624055 -16.432384
2.088212 3.736389 -8.391301
2.068808 6.089379 -11.011325
2.616567 4.617779 -10.118122
7.328858 0.026116 -9.527770
5.945227 5.086240 -15.944692
1.860281 3.889200 -7.379131
6.390383 5.863970 -22.559471
8.984461 9.710580 -36.534394
2.572457 5.773496 -15.540007
6.985958 1.470018 -11.710412
7.073416 6.059689 -25.391890
3.810389 1.220106 -1.912647
7.133006 7.519154 -26.699337
4.382910 3.115924 -12.828602
8.933669 3.528192 -23.208426
4.219240 9.732286 -29.984513
5.648351 7.429367 -19.405599
3.352199 3.022738 -3.995536
7.976015 0.580537 -17.182296
2.314474 4.088801 -9.929844
5.104755 2.979224 -9.726144
6.010992 4.135728 -17.319559
2.045461 3.519916 -9.659305
6.400163 3.043599 -15.263812
4.020471 5.035324 -15.750433
9.659048 8.548613 -30.630639
6.819554 5.685319 -23.571731
6.472697 4.638816 -20.847100
1.176710 2.578722 -2.664162
9.054881 9.345162 -41.612855
1.130571 7.608754 -18.701315
5.603521 9.270238 -33.598024
3.601194 9.667371 -25.811329
6.515082 4.379727 -20.148726
3.666506 0.074925 -5.868270
3.923045 7.776252 -28.660848
5.269709 8.571447 -32.009949
4.750543 6.360450 -21.853208
9.242708 1.165546 -17.839885
4.401464 6.408411 -19.579344
5.648142 8.541622 -29.661987
0.305342 4.033091 -4.981021
1.217700 1.693031 -3.115374
1.845227 6.092175 -16.840788
3.942284 4.340584 -18.613822
5.139433 7.874509 -27.031188
5.295447 3.562696 -13.401393
5.917692 0.262524 -8.614945
5.930893 7.569935 -25.346997
